{
    "camera_angle_x": 0.7853981633974483,
    "frames": [
        {
            "file_path": "./input/0.png",
            "rotation": 0,
            "transform_matrix": [
                [
                    1.0,
                    0.0,
                    0.0,
                    0.0
                ],
                [
                    0.0,
                    0.8165408118857462,
                    -0.5772877120855479,
                    -2.8864385604277394
                ],
                [
                    -0.0,
                    0.5772877120855479,
                    0.8165408118857462,
                    4.082704059428731
                ],
                [
                    0.0,
                    0.0,
                    0.0,
                    1.0
                ]
            ]
        },
        {
            "file_path": "./input/1.png",
            "rotation": 0,
            "transform_matrix": [
                [
                    6.123233995736766e-17,
                    0.5772877120855479,
                    0.8165408118857462,
                    4.082704059428731
                ],
                [
                    0.0,
                    0.8165408118857462,
                    -0.5772877120855479,
                    -2.8864385604277394
                ],
                [
                    -1.0,
                    3.5348677439633247e-17,
                    4.9998704582453006e-17,
                    2.49993522912265e-16
                ],
                [
                    0.0,
                    0.0,
                    0.0,
                    1.0
                ]
            ]
        },
        {
            "file_path": "./input/2.png",
            "rotation": 0,
            "transform_matrix": [
                [
                    -1.0,
                    7.069735487926649e-17,
                    9.999740916490601e-17,
                    4.9998704582453e-16
                ],
                [
                    0.0,
                    0.8165408118857462,
                    -0.5772877120855479,
                    -2.8864385604277394
                ],
                [
                    -1.2246467991473532e-16,
                    -0.5772877120855479,
                    -0.8165408118857462,
                    -4.082704059428731
                ],
                [
                    0.0,
                    0.0,
                    0.0,
                    1.0
                ]
            ]
        },
        {
            "file_path": "./input/3.png",
            "rotation": 0,
            "transform_matrix": [
                [
                    -1.8369701987210297e-16,
                    -0.5772877120855479,
                    -0.8165408118857462,
                    -4.082704059428731
                ],
                [
                    0.0,
                    0.8165408118857462,
                    -0.5772877120855479,
                    -2.8864385604277394
                ],
                [
                    1.0,
                    -1.0604603231889974e-16,
                    -1.4999611374735902e-16,
                    -7.499805687367951e-16
                ],
                [
                    0.0,
                    0.0,
                    0.0,
                    1.0
                ]
            ]
        }
    ]
}